INFO : 2025/07/11 19:24:31.645174 server.go:70: Connection established with 127.0.0.1:48950.
INFO : 2025/07/11 19:24:33.645811 server.go:87: Received: Hello from client., from 127.0.0.1:48950.
INFO : 2025/07/11 19:25:02.925421 server.go:92: Client disconnected (127.0.0.1:48950), EOF
